# Created by Octave 3.2.4, Mon May 05 13:18:29 2014 ART <mlares@veda>
# name: x
# type: matrix
# rows: 1
# columns: 40
 1 1.487179487179487 1.974358974358974 2.461538461538462 2.948717948717949 3.435897435897436 3.923076923076923 4.410256410256411 4.897435897435898 5.384615384615384 5.871794871794871 6.358974358974359 6.846153846153846 7.333333333333333 7.82051282051282 8.307692307692307 8.794871794871796 9.282051282051281 9.769230769230768 10.25641025641026 10.74358974358974 11.23076923076923 11.71794871794872 12.2051282051282 12.69230769230769 13.17948717948718 13.66666666666667 14.15384615384615 14.64102564102564 15.12820512820513 15.61538461538461 16.1025641025641 16.58974358974359 17.07692307692308 17.56410256410256 18.05128205128205 18.53846153846154 19.02564102564103 19.51282051282051 20
# name: y
# type: matrix
# rows: 1
# columns: 40
 0.1064090275338692 0.1193722067188262 0.1501405750390507 0.1545053899235852 0.188812447876026 0.1853676847226065 0.1931426066928338 0.2094286870608011 0.2185621975367962 0.215074557852153 0.2320662900033938 0.24137411465662 0.2232289133189678 0.2312552656889978 0.2505054511717136 0.2445984753500205 0.2486657889705248 0.2456277630181477 0.2722297921279567 0.2512016120652373 0.264706103909271 0.2715710266775367 0.2676099311706051 0.2521294066883251 0.2729105808514058 0.2781774883010861 0.2706168917927476 0.2559809185507478 0.2888452556666247 0.275556818984237 0.2753753861518515 0.2643323218592086 0.2738666784768879 0.2685838038071146 0.2809973998768175 0.2742951512213681 0.2942422576224535 0.2736963807393907 0.2710762847436656 0.2658120636208445
