# Created by Octave 3.2.4, Mon May 05 13:17:43 2014 ART <mlares@veda>
# name: x
# type: matrix
# rows: 1
# columns: 28
 1.137931034482759 1.275862068965517 1.413793103448276 1.551724137931034 1.689655172413793 1.96551724137931 2.103448275862069 2.241379310344827 2.379310344827586 2.517241379310345 2.655172413793103 2.793103448275862 2.931034482758621 3.068965517241379 3.206896551724138 3.344827586206896 3.482758620689655 3.620689655172414 3.758620689655173 3.896551724137931 4.03448275862069 4.172413793103448 4.310344827586206 4.448275862068965 4.586206896551724 4.724137931034482 4.862068965517241 5
# name: y
# type: matrix
# rows: 1
# columns: 28
 1.202685691306341 3.981013137884951 4.969718093670105 19.53528961149356 0.3626614658223595 11.29064203217737 12.45950954983966 8.220127599095303 30.08693774060854 62.55335630711683 46.78292766194412 67.3828489933648 56.93677915499495 84.28063270929346 82.76012071153367 83.25871897572891 119.4051196981595 143.4188074555686 123.2450299605431 154.2116547454072 165.2452806597848 194.4026914752067 218.5056745412223 247.3215078880211 279.211649405607 308.1125613727558 325.377670088129 369.8962816054325
