# Created by Octave 3.2.4, Fri May 04 09:12:17 2012 ART <mlares@veda>
# name: xd
# type: matrix
# rows: 1
# columns: 30
 -5 -4.655172413793103 -4.310344827586206 -3.96551724137931 -3.620689655172414 -3.275862068965517 -2.931034482758621 -2.586206896551724 -2.241379310344827 -1.896551724137931 -1.551724137931034 -1.206896551724138 -0.8620689655172411 -0.5172413793103443 -0.1724137931034484 0.1724137931034484 0.5172413793103452 0.862068965517242 1.206896551724139 1.551724137931035 1.896551724137931 2.241379310344828 2.586206896551724 2.931034482758621 3.275862068965518 3.620689655172415 3.965517241379311 4.310344827586208 4.655172413793103 5
# name: yd
# type: complex matrix
# rows: 1
# columns: 30
 (-280.2790310946124,-202.7461867893471) (-235.6349061036071,-161.3032607921118) (-178.8001452939067,-126.0918827022064) (-144.7914265246252,-96.5624278960687) (-88.44505616446223,-72.17401153961961) (-66.26527958025129,-52.39509409190735) (-49.95887777177506,-36.70419047384893) (-24.84961455164251,-24.59071353125344) (-32.14395510779698,-15.55599621980758) (-39.82243632600127,-9.114559703589146) (-2.661348152121586,-4.795734499454725) (15.88163029015839,-2.145817731178338) (-23.53311568883543,-0.7311106586991405) (-31.34120118063436,-0.1425827926622108) (29.37270830367262,-0.004239153098585143) (9.521087455970212,0) (-7.366259117585093,0) (-15.00557045266372,0) (37.32415654369117,0) (0.2725480833763179,0) (3.689662631536258,0) (24.87564702515822,0) (47.59451727609478,0) (31.30389229938695,0) (91.10086141991971,0) (100.1936975417631,0) (166.3924654165104,0) (225.4278345783918,0) (252.7731936418049,0) (324.8365232553249,0)
