# Created by Octave 3.2.4, Fri May 04 10:22:16 2012 ART <mlares@veda>
# name: xd
# type: matrix
# rows: 1
# columns: 10
 -1 -0.75 -0.51 -0.27 -0.03 0.21 0.45 0.7 0.94 1.18
# name: yd
# type: matrix
# rows: 1
# columns: 10
 0.02 0.13 0.64 1.2 1.3 1.26 1.02 0.49 0.19 0.08
